you: 0.5820424556732178
myself: 0.5455445647239685
honestly: 0.5250810980796814
personally: 0.49674442410469055
we: 0.495270311832428
it: 0.4885483682155609
me: 0.4672218859195709
review: 0.4633691906929016
they: 0.4612794518470764
people: 0.44638338685035706
